104813 104815
104802 104837
104837 104841
104841 104842
104802 104806
104802 104798
104841 104833
104837 104836
104841 104812
104841 104796
104841 104811
104806 104827
104798 104827
104793 104808
104837 104794
104821 104822
104837 104823
104837 104813
104814 104817
104837 104814
104837 104843
104838 104832
104811 104793
104802 104809
104823 104818
104823 104821
104793 104803
104793 104800
104829 104831
104827 104826
104813 104830
104830 104829
104813 104834
104829 104795
104832 104819
104832 104810
104832 104820
104795 104835
104795 104839
104795 104840
104836 104835
104841 104839
104842 104801
104841 104843
104841 104838
104802 104797
104802 104799
104802 104807
104802 104804
104802 104805
