104793 104800
104793 104803
104794 104835
104794 104839
104795 104840
104795 104839
104795 104835
104797 104806
104797 104798
104797 104843
104797 104833
104797 104836
104797 104835
104797 104829
104797 104812
104797 104838
104797 104796
104799 104798
104799 104843
104799 104833
104799 104836
104799 104835
104799 104829
104799 104812
104799 104838
104799 104796
104802 104808
104802 104798
104802 104806
104802 104797
104802 104833
104802 104835
104802 104812
104802 104796
104802 104799
104802 104807
104802 104815
104802 104837
104802 104842
104804 104843
104804 104833
104804 104836
104804 104835
104804 104829
104804 104812
104804 104838
104804 104796
104805 104833
104805 104843
104805 104836
104805 104835
104805 104829
104805 104812
104805 104838
104805 104796
104807 104827
104807 104811
104807 104805
104807 104798
104807 104806
104807 104804
104807 104833
104807 104835
104807 104812
104807 104796
104808 104793
104809 104831
104811 104841
104811 104793
104813 104834
104813 104830
104815 104809
104823 104821
104823 104818
104827 104826
104829 104795
104829 104794
104829 104841
104832 104820
104832 104810
104832 104819
104834 104809
104836 104824
104836 104835
104837 104839
104837 104794
104837 104817
104837 104818
104837 104823
104837 104822
104837 104813
104837 104821
104837 104795
104837 104814
104838 104832
104841 104839
104842 104801
104843 104795
104843 104840
104843 104841
